0.000000 0.000000 
0.001000 0.000000 
0.002000 1.000000 
0.003000 2.000000 
0.004000 2.000000 
0.005000 3.000000 
0.006000 4.000000 
0.007000 4.000000 
0.008000 5.000000 
0.009000 6.000000 
0.010000 7.000000 
0.011000 7.000000 
0.012000 8.000000 
0.013000 9.000000 
0.014000 9.000000 
0.015000 10.000000 
0.016000 11.000000 
0.017000 12.000000 
0.018000 12.000000 
0.019000 13.000000 
0.020000 14.000000 
0.021000 14.000000 
0.022000 15.000000 
0.023000 16.000000 
0.024000 17.000000 
0.025000 17.000000 
0.026000 18.000000 
0.027000 19.000000 
0.028000 19.000000 
0.029000 20.000000 
0.030000 21.000000 
0.031000 22.000000 
0.032000 22.000000 
0.033000 23.000000 
0.034000 24.000000 
0.035000 24.000000 
0.036000 25.000000 
0.037000 26.000000 
0.038000 27.000000 
0.039000 27.000000 
0.040000 28.000000 
0.041000 29.000000 
0.042000 29.000000 
0.043000 30.000000 
0.044000 31.000000 
0.045000 32.000000 
0.046000 32.000000 
0.047000 33.000000 
0.048000 34.000000 
0.049000 34.000000 
0.050000 35.000000 
0.051000 36.000000 
0.052000 37.000000 
0.053000 37.000000 
0.054000 38.000000 
0.055000 39.000000 
0.056000 39.000000 
0.057000 40.000000 
0.058000 41.000000 
0.059000 42.000000 
0.060000 42.000000 
0.061000 43.000000 
0.062000 44.000000 
0.063000 44.000000 
0.064000 45.000000 
0.065000 46.000000 
0.066000 47.000000 
0.067000 47.000000 
0.068000 48.000000 
0.069000 49.000000 
0.070000 49.000000 
0.071000 50.000000 
0.072000 51.000000 
0.073000 52.000000 
0.074000 52.000000 
0.075000 53.000000 
0.076000 54.000000 
0.077000 54.000000 
0.078000 55.000000 
0.079000 56.000000 
0.080000 57.000000 
0.081000 57.000000 
0.082000 58.000000 
0.083000 59.000000 
0.084000 59.000000 
0.085000 60.000000 
0.086000 61.000000 
0.087000 62.000000 
0.088000 62.000000 
0.089000 63.000000 
0.090000 64.000000 
0.091000 64.000000 
0.092000 65.000000 
0.093000 66.000000 
0.094000 67.000000 
0.095000 67.000000 
0.096000 68.000000 
0.097000 69.000000 
0.098000 69.000000 
0.099000 70.000000 
0.100000 71.000000 
0.101000 72.000000 
0.102000 72.000000 
0.103000 73.000000 
0.104000 74.000000 
0.105000 74.000000 
0.106000 75.000000 
0.107000 76.000000 
0.108000 77.000000 
0.109000 77.000000 
0.110000 78.000000 
0.111000 79.000000 
0.112000 79.000000 
0.113000 80.000000 
0.114000 81.000000 
0.115000 82.000000 
0.116000 82.000000 
0.117000 83.000000 
0.118000 84.000000 
0.119000 84.000000 
0.120000 85.000000 
0.121000 86.000000 
0.122000 87.000000 
0.123000 87.000000 
0.124000 88.000000 
0.125000 89.000000 
0.126000 89.000000 
0.127000 90.000000 
0.128000 91.000000 
0.129000 92.000000 
0.130000 92.000000 
0.131000 93.000000 
0.132000 94.000000 
0.133000 94.000000 
0.134000 95.000000 
0.135000 96.000000 
0.136000 97.000000 
0.137000 97.000000 
0.138000 98.000000 
0.139000 99.000000 
0.140000 99.000000 
0.141000 100.000000 
0.142000 101.000000 
0.143000 102.000000 
0.144000 102.000000 
0.145000 103.000000 
0.146000 104.000000 
0.147000 104.000000 
0.148000 105.000000 
0.149000 106.000000 
0.150000 107.000000 
0.151000 107.000000 
0.152000 108.000000 
0.153000 109.000000 
0.154000 109.000000 
0.155000 110.000000 
0.156000 111.000000 
0.157000 112.000000 
0.158000 112.000000 
0.159000 113.000000 
0.160000 114.000000 
0.161000 114.000000 
0.162000 115.000000 
0.163000 116.000000 
0.164000 117.000000 
0.165000 117.000000 
0.166000 118.000000 
0.167000 119.000000 
0.168000 119.000000 
0.169000 120.000000 
0.170000 121.000000 
0.171000 122.000000 
0.172000 122.000000 
0.173000 123.000000 
0.174000 124.000000 
0.175000 124.000000 
0.176000 125.000000 
0.177000 126.000000 
0.178000 127.000000 
0.179000 127.000000 
0.180000 128.000000 
0.181000 129.000000 
0.182000 129.000000 
0.183000 130.000000 
0.184000 131.000000 
0.185000 131.000000 
0.186000 132.000000 
0.187000 133.000000 
0.188000 134.000000 
0.189000 134.000000 
0.190000 135.000000 
0.191000 136.000000 
0.192000 136.000000 
0.193000 137.000000 
0.194000 138.000000 
0.195000 139.000000 
0.196000 139.000000 
0.197000 140.000000 
0.198000 141.000000 
0.199000 141.000000 
0.200000 142.000000 
0.201000 143.000000 
0.202000 144.000000 
0.203000 144.000000 
0.204000 145.000000 
0.205000 146.000000 
0.206000 146.000000 
0.207000 147.000000 
0.208000 148.000000 
0.209000 149.000000 
0.210000 149.000000 
0.211000 150.000000 
0.212000 151.000000 
0.213000 151.000000 
0.214000 152.000000 
0.215000 153.000000 
0.216000 154.000000 
0.217000 154.000000 
0.218000 155.000000 
0.219000 156.000000 
0.220000 156.000000 
0.221000 157.000000 
0.222000 158.000000 
0.223000 159.000000 
0.224000 159.000000 
0.225000 160.000000 
0.226000 161.000000 
0.227000 161.000000 
0.228000 162.000000 
0.229000 163.000000 
0.230000 164.000000 
0.231000 164.000000 
0.232000 165.000000 
0.233000 166.000000 
0.234000 166.000000 
0.235000 167.000000 
0.236000 168.000000 
0.237000 169.000000 
0.238000 169.000000 
0.239000 170.000000 
0.240000 171.000000 
0.241000 171.000000 
0.242000 172.000000 
0.243000 173.000000 
0.244000 174.000000 
0.245000 174.000000 
0.246000 175.000000 
0.247000 176.000000 
0.248000 176.000000 
0.249000 177.000000 
0.250000 178.000000 
0.251000 179.000000 
0.252000 179.000000 
0.253000 180.000000 
0.254000 181.000000 
0.255000 181.000000 
0.256000 182.000000 
0.257000 183.000000 
0.258000 184.000000 
0.259000 184.000000 
0.260000 185.000000 
0.261000 186.000000 
0.262000 186.000000 
0.263000 187.000000 
0.264000 188.000000 
0.265000 189.000000 
0.266000 189.000000 
0.267000 190.000000 
0.268000 191.000000 
0.269000 191.000000 
0.270000 192.000000 
0.271000 193.000000 
0.272000 194.000000 
0.273000 194.000000 
0.274000 195.000000 
0.275000 196.000000 
0.276000 196.000000 
0.277000 197.000000 
0.278000 198.000000 
0.279000 199.000000 
0.280000 199.000000 
0.281000 200.000000 
0.282000 201.000000 
0.283000 201.000000 
0.284000 202.000000 
0.285000 203.000000 
0.286000 204.000000 
0.287000 204.000000 
0.288000 205.000000 
0.289000 206.000000 
0.290000 206.000000 
0.291000 207.000000 
0.292000 208.000000 
0.293000 209.000000 
0.294000 209.000000 
0.295000 210.000000 
0.296000 211.000000 
0.297000 211.000000 
0.298000 212.000000 
0.299000 213.000000 
0.300000 214.000000 
0.301000 214.000000 
0.302000 215.000000 
0.303000 216.000000 
0.304000 216.000000 
0.305000 217.000000 
0.306000 218.000000 
0.307000 219.000000 
0.308000 219.000000 
0.309000 220.000000 
0.310000 221.000000 
0.311000 221.000000 
0.312000 222.000000 
0.313000 223.000000 
0.314000 224.000000 
0.315000 224.000000 
0.316000 225.000000 
0.317000 226.000000 
0.318000 226.000000 
0.319000 227.000000 
0.320000 228.000000 
0.321000 229.000000 
0.322000 229.000000 
0.323000 230.000000 
0.324000 231.000000 
0.325000 231.000000 
0.326000 232.000000 
0.327000 233.000000 
0.328000 234.000000 
0.329000 234.000000 
0.330000 235.000000 
0.331000 236.000000 
0.332000 236.000000 
0.333000 237.000000 
0.334000 238.000000 
0.335000 239.000000 
0.336000 239.000000 
0.337000 240.000000 
0.338000 241.000000 
0.339000 241.000000 
0.340000 242.000000 
0.341000 243.000000 
0.342000 244.000000 
0.343000 244.000000 
0.344000 245.000000 
0.345000 246.000000 
0.346000 246.000000 
0.347000 247.000000 
0.348000 248.000000 
0.349000 249.000000 
0.350000 249.000000 
0.351000 250.000000 
0.352000 251.000000 
0.353000 251.000000 
0.354000 252.000000 
0.355000 253.000000 
0.356000 254.000000 
0.357000 254.000000 
0.358000 255.000000 
0.359000 256.000000 
0.360000 256.000000 
0.361000 257.000000 
0.362000 258.000000 
0.363000 258.000000 
0.364000 259.000000 
0.365000 260.000000 
0.366000 261.000000 
0.367000 261.000000 
0.368000 262.000000 
0.369000 263.000000 
0.370000 263.000000 
0.371000 264.000000 
0.372000 265.000000 
0.373000 266.000000 
0.374000 266.000000 
0.375000 267.000000 
0.376000 268.000000 
0.377000 268.000000 
0.378000 269.000000 
0.379000 270.000000 
0.380000 271.000000 
0.381000 271.000000 
0.382000 272.000000 
0.383000 273.000000 
0.384000 273.000000 
0.385000 274.000000 
0.386000 275.000000 
0.387000 276.000000 
0.388000 276.000000 
0.389000 277.000000 
0.390000 278.000000 
0.391000 278.000000 
0.392000 279.000000 
0.393000 280.000000 
0.394000 281.000000 
0.395000 281.000000 
0.396000 282.000000 
0.397000 283.000000 
0.398000 283.000000 
0.399000 284.000000 
0.400000 285.000000 
0.401000 286.000000 
0.402000 286.000000 
0.403000 287.000000 
0.404000 288.000000 
0.405000 288.000000 
0.406000 289.000000 
0.407000 290.000000 
0.408000 291.000000 
0.409000 291.000000 
0.410000 292.000000 
0.411000 293.000000 
0.412000 293.000000 
0.413000 294.000000 
0.414000 295.000000 
0.415000 296.000000 
0.416000 296.000000 
0.417000 297.000000 
0.418000 298.000000 
0.419000 298.000000 
0.420000 299.000000 
0.421000 300.000000 
0.422000 301.000000 
0.423000 301.000000 
0.424000 302.000000 
0.425000 303.000000 
0.426000 303.000000 
0.427000 304.000000 
0.428000 305.000000 
0.429000 306.000000 
0.430000 306.000000 
0.431000 307.000000 
0.432000 308.000000 
0.433000 308.000000 
0.434000 309.000000 
0.435000 310.000000 
0.436000 311.000000 
0.437000 311.000000 
0.438000 312.000000 
0.439000 313.000000 
0.440000 313.000000 
0.441000 314.000000 
0.442000 315.000000 
0.443000 316.000000 
0.444000 316.000000 
0.445000 317.000000 
0.446000 318.000000 
0.447000 318.000000 
0.448000 319.000000 
0.449000 320.000000 
0.450000 321.000000 
0.451000 321.000000 
0.452000 322.000000 
0.453000 323.000000 
0.454000 323.000000 
0.455000 324.000000 
0.456000 325.000000 
0.457000 326.000000 
0.458000 326.000000 
0.459000 327.000000 
0.460000 328.000000 
0.461000 328.000000 
0.462000 329.000000 
0.463000 330.000000 
0.464000 331.000000 
0.465000 331.000000 
0.466000 332.000000 
0.467000 333.000000 
0.468000 333.000000 
0.469000 334.000000 
0.470000 335.000000 
0.471000 336.000000 
0.472000 336.000000 
0.473000 337.000000 
0.474000 338.000000 
0.475000 338.000000 
0.476000 339.000000 
0.477000 340.000000 
0.478000 341.000000 
0.479000 341.000000 
0.480000 342.000000 
0.481000 343.000000 
0.482000 343.000000 
0.483000 344.000000 
0.484000 345.000000 
0.485000 346.000000 
0.486000 346.000000 
0.487000 347.000000 
0.488000 348.000000 
0.489000 348.000000 
0.490000 349.000000 
0.491000 350.000000 
0.492000 351.000000 
0.493000 351.000000 
0.494000 352.000000 
0.495000 353.000000 
0.496000 353.000000 
0.497000 354.000000 
0.498000 355.000000 
0.499000 356.000000 
0.500000 356.000000 
0.501000 357.000000 
0.502000 358.000000 
0.503000 358.000000 
0.504000 359.000000 
0.505000 360.000000 
0.506000 361.000000 
0.507000 361.000000 
0.508000 362.000000 
0.509000 363.000000 
0.510000 363.000000 
0.511000 364.000000 
0.512000 365.000000 
0.513000 366.000000 
0.514000 366.000000 
0.515000 367.000000 
0.516000 368.000000 
0.517000 368.000000 
0.518000 369.000000 
0.519000 370.000000 
0.520000 371.000000 
0.521000 371.000000 
0.522000 372.000000 
0.523000 373.000000 
0.524000 373.000000 
0.525000 374.000000 
0.526000 375.000000 
0.527000 376.000000 
0.528000 376.000000 
0.529000 377.000000 
0.530000 378.000000 
0.531000 378.000000 
0.532000 379.000000 
0.533000 380.000000 
0.534000 381.000000 
0.535000 381.000000 
0.536000 382.000000 
0.537000 383.000000 
0.538000 383.000000 
0.539000 384.000000 
0.540000 385.000000 
0.541000 385.000000 
0.542000 386.000000 
0.543000 387.000000 
0.544000 388.000000 
0.545000 388.000000 
0.546000 389.000000 
0.547000 390.000000 
0.548000 390.000000 
0.549000 391.000000 
0.550000 392.000000 
0.551000 393.000000 
0.552000 393.000000 
0.553000 394.000000 
0.554000 395.000000 
0.555000 395.000000 
0.556000 396.000000 
0.557000 397.000000 
0.558000 398.000000 
0.559000 398.000000 
0.560000 399.000000 
0.561000 400.000000 
0.562000 400.000000 
0.563000 401.000000 
0.564000 402.000000 
0.565000 403.000000 
0.566000 403.000000 
0.567000 404.000000 
0.568000 405.000000 
0.569000 405.000000 
0.570000 406.000000 
0.571000 407.000000 
0.572000 408.000000 
0.573000 408.000000 
0.574000 409.000000 
0.575000 410.000000 
0.576000 410.000000 
0.577000 411.000000 
0.578000 412.000000 
0.579000 413.000000 
0.580000 413.000000 
0.581000 414.000000 
0.582000 415.000000 
0.583000 415.000000 
0.584000 416.000000 
0.585000 417.000000 
0.586000 418.000000 
0.587000 418.000000 
0.588000 419.000000 
0.589000 420.000000 
0.590000 420.000000 
0.591000 421.000000 
0.592000 422.000000 
0.593000 423.000000 
0.594000 423.000000 
0.595000 424.000000 
0.596000 425.000000 
0.597000 425.000000 
0.598000 426.000000 
0.599000 427.000000 
0.600000 428.000000 
0.601000 428.000000 
0.602000 429.000000 
0.603000 430.000000 
0.604000 430.000000 
0.605000 431.000000 
0.606000 432.000000 
0.607000 433.000000 
0.608000 433.000000 
0.609000 434.000000 
0.610000 435.000000 
0.611000 435.000000 
0.612000 436.000000 
0.613000 437.000000 
0.614000 438.000000 
0.615000 438.000000 
0.616000 439.000000 
0.617000 440.000000 
0.618000 440.000000 
0.619000 441.000000 
0.620000 442.000000 
0.621000 443.000000 
0.622000 443.000000 
0.623000 444.000000 
0.624000 445.000000 
0.625000 445.000000 
0.626000 446.000000 
0.627000 447.000000 
0.628000 448.000000 
0.629000 448.000000 
0.630000 449.000000 
0.631000 450.000000 
0.632000 450.000000 
0.633000 451.000000 
0.634000 452.000000 
0.635000 453.000000 
0.636000 453.000000 
0.637000 454.000000 
0.638000 455.000000 
0.639000 455.000000 
0.640000 456.000000 
0.641000 457.000000 
0.642000 458.000000 
0.643000 458.000000 
0.644000 459.000000 
0.645000 460.000000 
0.646000 460.000000 
0.647000 461.000000 
0.648000 462.000000 
0.649000 463.000000 
0.650000 463.000000 
0.651000 464.000000 
0.652000 465.000000 
0.653000 465.000000 
0.654000 466.000000 
0.655000 467.000000 
0.656000 468.000000 
0.657000 468.000000 
0.658000 469.000000 
0.659000 470.000000 
0.660000 470.000000 
0.661000 471.000000 
0.662000 472.000000 
0.663000 473.000000 
0.664000 473.000000 
0.665000 474.000000 
0.666000 475.000000 
0.667000 475.000000 
0.668000 476.000000 
0.669000 477.000000 
0.670000 478.000000 
0.671000 478.000000 
0.672000 479.000000 
0.673000 480.000000 
0.674000 480.000000 
0.675000 481.000000 
0.676000 482.000000 
0.677000 483.000000 
0.678000 483.000000 
0.679000 484.000000 
0.680000 485.000000 
0.681000 485.000000 
0.682000 486.000000 
0.683000 487.000000 
0.684000 488.000000 
0.685000 488.000000 
0.686000 489.000000 
0.687000 490.000000 
0.688000 490.000000 
0.689000 491.000000 
0.690000 492.000000 
0.691000 493.000000 
0.692000 493.000000 
0.693000 494.000000 
0.694000 495.000000 
0.695000 495.000000 
0.696000 496.000000 
0.697000 497.000000 
0.698000 498.000000 
0.699000 498.000000 
0.700000 499.000000 
0.701000 500.000000 
0.702000 500.000000 
0.703000 501.000000 
0.704000 502.000000 
0.705000 503.000000 
0.706000 503.000000 
0.707000 504.000000 
0.708000 505.000000 
0.709000 505.000000 
0.710000 506.000000 
0.711000 507.000000 
0.712000 508.000000 
0.713000 508.000000 
0.714000 509.000000 
0.715000 510.000000 
0.716000 510.000000 
0.717000 511.000000 
0.718000 512.000000 
0.719000 512.000000 
0.720000 513.000000 
0.721000 514.000000 
0.722000 515.000000 
0.723000 515.000000 
0.724000 516.000000 
0.725000 517.000000 
0.726000 517.000000 
0.727000 518.000000 
0.728000 519.000000 
0.729000 520.000000 
0.730000 520.000000 
0.731000 521.000000 
0.732000 522.000000 
0.733000 522.000000 
0.734000 523.000000 
0.735000 524.000000 
0.736000 525.000000 
0.737000 525.000000 
0.738000 526.000000 
0.739000 527.000000 
0.740000 527.000000 
0.741000 528.000000 
0.742000 529.000000 
0.743000 530.000000 
0.744000 530.000000 
0.745000 531.000000 
0.746000 532.000000 
0.747000 532.000000 
0.748000 533.000000 
0.749000 534.000000 
0.750000 535.000000 
0.751000 535.000000 
0.752000 536.000000 
0.753000 537.000000 
0.754000 537.000000 
0.755000 538.000000 
0.756000 539.000000 
0.757000 540.000000 
0.758000 540.000000 
0.759000 541.000000 
0.760000 542.000000 
0.761000 542.000000 
0.762000 543.000000 
0.763000 544.000000 
0.764000 545.000000 
0.765000 545.000000 
0.766000 546.000000 
0.767000 547.000000 
0.768000 547.000000 
0.769000 548.000000 
0.770000 549.000000 
0.771000 550.000000 
0.772000 550.000000 
0.773000 551.000000 
0.774000 552.000000 
0.775000 552.000000 
0.776000 553.000000 
0.777000 554.000000 
0.778000 555.000000 
0.779000 555.000000 
0.780000 556.000000 
0.781000 557.000000 
0.782000 557.000000 
0.783000 558.000000 
0.784000 559.000000 
0.785000 560.000000 
0.786000 560.000000 
0.787000 561.000000 
0.788000 562.000000 
0.789000 562.000000 
0.790000 563.000000 
0.791000 564.000000 
0.792000 565.000000 
0.793000 565.000000 
0.794000 566.000000 
0.795000 567.000000 
0.796000 567.000000 
0.797000 568.000000 
0.798000 569.000000 
0.799000 570.000000 
0.800000 570.000000 
0.801000 571.000000 
0.802000 572.000000 
0.803000 572.000000 
0.804000 573.000000 
0.805000 574.000000 
0.806000 575.000000 
0.807000 575.000000 
0.808000 576.000000 
0.809000 577.000000 
0.810000 577.000000 
0.811000 578.000000 
0.812000 579.000000 
0.813000 580.000000 
0.814000 580.000000 
0.815000 581.000000 
0.816000 582.000000 
0.817000 582.000000 
0.818000 583.000000 
0.819000 584.000000 
0.820000 585.000000 
0.821000 585.000000 
0.822000 586.000000 
0.823000 587.000000 
0.824000 587.000000 
0.825000 588.000000 
0.826000 589.000000 
0.827000 590.000000 
0.828000 590.000000 
0.829000 591.000000 
0.830000 592.000000 
0.831000 592.000000 
0.832000 593.000000 
0.833000 594.000000 
0.834000 595.000000 
0.835000 595.000000 
0.836000 596.000000 
0.837000 597.000000 
0.838000 597.000000 
0.839000 598.000000 
0.840000 599.000000 
0.841000 600.000000 
0.842000 600.000000 
0.843000 601.000000 
0.844000 602.000000 
0.845000 602.000000 
0.846000 603.000000 
0.847000 604.000000 
0.848000 605.000000 
0.849000 605.000000 
0.850000 606.000000 
0.851000 607.000000 
0.852000 607.000000 
0.853000 608.000000 
0.854000 609.000000 
0.855000 610.000000 
0.856000 610.000000 
0.857000 611.000000 
0.858000 612.000000 
0.859000 612.000000 
0.860000 613.000000 
0.861000 614.000000 
0.862000 615.000000 
0.863000 615.000000 
0.864000 616.000000 
0.865000 617.000000 
0.866000 617.000000 
0.867000 618.000000 
0.868000 619.000000 
0.869000 620.000000 
0.870000 620.000000 
0.871000 621.000000 
0.872000 622.000000 
0.873000 622.000000 
0.874000 623.000000 
0.875000 624.000000 
0.876000 625.000000 
0.877000 625.000000 
0.878000 626.000000 
0.879000 627.000000 
0.880000 627.000000 
0.881000 628.000000 
0.882000 629.000000 
0.883000 630.000000 
0.884000 630.000000 
0.885000 631.000000 
0.886000 632.000000 
0.887000 632.000000 
0.888000 633.000000 
0.889000 634.000000 
0.890000 635.000000 
0.891000 635.000000 
0.892000 636.000000 
0.893000 637.000000 
0.894000 637.000000 
0.895000 638.000000 
0.896000 639.000000 
0.897000 640.000000 
0.898000 640.000000 
0.899000 641.000000 
0.900000 642.000000 
0.901000 642.000000 
0.902000 643.000000 
0.903000 644.000000 
0.904000 644.000000 
0.905000 645.000000 
0.906000 646.000000 
0.907000 647.000000 
0.908000 647.000000 
0.909000 648.000000 
0.910000 649.000000 
0.911000 649.000000 
0.912000 650.000000 
0.913000 651.000000 
0.914000 652.000000 
0.915000 652.000000 
0.916000 653.000000 
0.917000 654.000000 
0.918000 654.000000 
0.919000 655.000000 
0.920000 656.000000 
0.921000 657.000000 
0.922000 657.000000 
0.923000 658.000000 
0.924000 659.000000 
0.925000 659.000000 
0.926000 660.000000 
0.927000 661.000000 
0.928000 662.000000 
0.929000 662.000000 
0.930000 663.000000 
0.931000 664.000000 
0.932000 664.000000 
0.933000 665.000000 
0.934000 666.000000 
0.935000 667.000000 
0.936000 667.000000 
0.937000 668.000000 
0.938000 669.000000 
0.939000 669.000000 
0.940000 670.000000 
0.941000 671.000000 
0.942000 672.000000 
0.943000 672.000000 
0.944000 673.000000 
0.945000 674.000000 
0.946000 674.000000 
0.947000 675.000000 
0.948000 676.000000 
0.949000 677.000000 
0.950000 677.000000 
0.951000 678.000000 
0.952000 679.000000 
0.953000 679.000000 
0.954000 680.000000 
0.955000 681.000000 
0.956000 682.000000 
0.957000 682.000000 
0.958000 683.000000 
0.959000 684.000000 
0.960000 684.000000 
0.961000 685.000000 
0.962000 686.000000 
0.963000 687.000000 
0.964000 687.000000 
0.965000 688.000000 
0.966000 689.000000 
0.967000 689.000000 
0.968000 690.000000 
0.969000 691.000000 
0.970000 692.000000 
0.971000 692.000000 
0.972000 693.000000 
0.973000 694.000000 
0.974000 694.000000 
0.975000 695.000000 
0.976000 696.000000 
0.977000 697.000000 
0.978000 697.000000 
0.979000 698.000000 
0.980000 699.000000 
0.981000 699.000000 
0.982000 700.000000 
0.983000 701.000000 
0.984000 702.000000 
0.985000 702.000000 
0.986000 703.000000 
0.987000 704.000000 
0.988000 704.000000 
0.989000 705.000000 
0.990000 706.000000 
0.991000 707.000000 
0.992000 707.000000 
0.993000 708.000000 
0.994000 709.000000 
0.995000 709.000000 
0.996000 710.000000 
0.997000 711.000000 
0.998000 712.000000 
0.999000 712.000000 
